FFT
N: 1296
power: 4
N1: 216
N2: 36
0,0,0	0->0
0,0,1	1->216
0,0,2	2->432
0,0,3	3->648
0,0,4	4->864
0,0,5	5->1080
0,1,0	6->36
0,1,1	7->252
0,1,2	8->468
0,1,3	9->684
0,1,4	10->900
0,1,5	11->1116
0,2,0	12->72
0,2,1	13->288
0,2,2	14->504
0,2,3	15->720
0,2,4	16->936
0,2,5	17->1152
0,3,0	18->108
0,3,1	19->324
0,3,2	20->540
0,3,3	21->756
0,3,4	22->972
0,3,5	23->1188
0,4,0	24->144
0,4,1	25->360
0,4,2	26->576
0,4,3	27->792
0,4,4	28->1008
0,4,5	29->1224
0,5,0	30->180
0,5,1	31->396
0,5,2	32->612
0,5,3	33->828
0,5,4	34->1044
0,5,5	35->1260
0,6,0	36->216
0,6,1	37->432
0,6,2	38->648
0,6,3	39->864
0,6,4	40->1080
0,7,0	41->252
0,7,1	42->468
0,7,2	43->684
0,7,3	44->900
0,7,4	45->1116
0,8,0	46->288
0,8,1	47->504
0,8,2	48->720
0,8,3	49->936
0,8,4	50->1152
0,9,0	51->324
0,9,1	52->540
0,9,2	53->756
0,9,3	54->972
0,9,4	55->1188
0,10,0	56->360
0,10,1	57->576
0,10,2	58->792
0,10,3	59->1008
0,10,4	60->1224
0,11,0	61->396
0,11,1	62->612
0,11,2	63->828
0,11,3	64->1044
0,11,4	65->1260
0,12,0	66->432
0,12,1	67->648
0,12,2	68->864
0,12,3	69->1080
0,13,0	70->468
0,13,1	71->684
0,13,2	72->900
0,13,3	73->1116
0,14,0	74->504
0,14,1	75->720
0,14,2	76->936
0,14,3	77->1152
0,15,0	78->540
0,15,1	79->756
0,15,2	80->972
0,15,3	81->1188
0,16,0	82->576
0,16,1	83->792
0,16,2	84->1008
0,16,3	85->1224
0,17,0	86->612
0,17,1	87->828
0,17,2	88->1044
0,17,3	89->1260
0,18,0	90->648
0,18,1	91->864
0,18,2	92->1080
0,19,0	93->684
0,19,1	94->900
0,19,2	95->1116
0,20,0	96->720
0,20,1	97->936
0,20,2	98->1152
0,21,0	99->756
0,21,1	100->972
0,21,2	101->1188
0,22,0	102->792
0,22,1	103->1008
0,22,2	104->1224
0,23,0	105->828
0,23,1	106->1044
0,23,2	107->1260
0,24,0	108->864
0,24,1	109->1080
0,25,0	110->900
0,25,1	111->1116
0,26,0	112->936
0,26,1	113->1152
0,27,0	114->972
0,27,1	115->1188
0,28,0	116->1008
0,28,1	117->1224
0,29,0	118->1044
0,29,1	119->1260
0,30,0	120->1080
0,31,0	121->1116
0,32,0	122->1152
0,33,0	123->1188
0,34,0	124->1224
0,35,0	125->1260
1,0,0	126->1
1,0,1	127->217
1,0,2	128->433
1,0,3	129->649
1,0,4	130->865
1,0,5	131->1081
1,1,0	132->37
1,1,1	133->253
1,1,2	134->469
1,1,3	135->685
1,1,4	136->901
1,1,5	137->1117
1,2,0	138->73
1,2,1	139->289
1,2,2	140->505
1,2,3	141->721
1,2,4	142->937
1,2,5	143->1153
1,3,0	144->109
1,3,1	145->325
1,3,2	146->541
1,3,3	147->757
1,3,4	148->973
1,3,5	149->1189
1,4,0	150->145
1,4,1	151->361
1,4,2	152->577
1,4,3	153->793
1,4,4	154->1009
1,4,5	155->1225
1,5,0	156->181
1,5,1	157->397
1,5,2	158->613
1,5,3	159->829
1,5,4	160->1045
1,5,5	161->1261
1,6,0	162->217
1,6,1	163->433
1,6,2	164->649
1,6,3	165->865
1,6,4	166->1081
1,7,0	167->253
1,7,1	168->469
1,7,2	169->685
1,7,3	170->901
1,7,4	171->1117
1,8,0	172->289
1,8,1	173->505
1,8,2	174->721
1,8,3	175->937
1,8,4	176->1153
1,9,0	177->325
1,9,1	178->541
1,9,2	179->757
1,9,3	180->973
1,9,4	181->1189
1,10,0	182->361
1,10,1	183->577
1,10,2	184->793
1,10,3	185->1009
1,10,4	186->1225
1,11,0	187->397
1,11,1	188->613
1,11,2	189->829
1,11,3	190->1045
1,11,4	191->1261
1,12,0	192->433
1,12,1	193->649
1,12,2	194->865
1,12,3	195->1081
1,13,0	196->469
1,13,1	197->685
1,13,2	198->901
1,13,3	199->1117
1,14,0	200->505
1,14,1	201->721
1,14,2	202->937
1,14,3	203->1153
1,15,0	204->541
1,15,1	205->757
1,15,2	206->973
1,15,3	207->1189
1,16,0	208->577
1,16,1	209->793
1,16,2	210->1009
1,16,3	211->1225
1,17,0	212->613
1,17,1	213->829
1,17,2	214->1045
1,17,3	215->1261
1,18,0	216->649
1,18,1	217->865
1,18,2	218->1081
1,19,0	219->685
1,19,1	220->901
1,19,2	221->1117
1,20,0	222->721
1,20,1	223->937
1,20,2	224->1153
1,21,0	225->757
1,21,1	226->973
1,21,2	227->1189
1,22,0	228->793
1,22,1	229->1009
1,22,2	230->1225
1,23,0	231->829
1,23,1	232->1045
1,23,2	233->1261
1,24,0	234->865
1,24,1	235->1081
1,25,0	236->901
1,25,1	237->1117
1,26,0	238->937
1,26,1	239->1153
1,27,0	240->973
1,27,1	241->1189
1,28,0	242->1009
1,28,1	243->1225
1,29,0	244->1045
1,29,1	245->1261
1,30,0	246->1081
1,31,0	247->1117
1,32,0	248->1153
1,33,0	249->1189
1,34,0	250->1225
1,35,0	251->1261
2,0,0	252->2
2,0,1	253->218
2,0,2	254->434
2,0,3	255->650
2,0,4	256->866
2,0,5	257->1082
2,1,0	258->38
2,1,1	259->254
2,1,2	260->470
2,1,3	261->686
2,1,4	262->902
2,1,5	263->1118
2,2,0	264->74
2,2,1	265->290
2,2,2	266->506
2,2,3	267->722
2,2,4	268->938
2,2,5	269->1154
2,3,0	270->110
2,3,1	271->326
2,3,2	272->542
2,3,3	273->758
2,3,4	274->974
2,3,5	275->1190
2,4,0	276->146
2,4,1	277->362
2,4,2	278->578
2,4,3	279->794
2,4,4	280->1010
2,4,5	281->1226
2,5,0	282->182
2,5,1	283->398
2,5,2	284->614
2,5,3	285->830
2,5,4	286->1046
2,5,5	287->1262
2,6,0	288->218
2,6,1	289->434
2,6,2	290->650
2,6,3	291->866
2,6,4	292->1082
2,7,0	293->254
2,7,1	294->470
2,7,2	295->686
2,7,3	296->902
2,7,4	297->1118
2,8,0	298->290
2,8,1	299->506
2,8,2	300->722
2,8,3	301->938
2,8,4	302->1154
2,9,0	303->326
2,9,1	304->542
2,9,2	305->758
2,9,3	306->974
2,9,4	307->1190
2,10,0	308->362
2,10,1	309->578
2,10,2	310->794
2,10,3	311->1010
2,10,4	312->1226
2,11,0	313->398
2,11,1	314->614
2,11,2	315->830
2,11,3	316->1046
2,11,4	317->1262
2,12,0	318->434
2,12,1	319->650
2,12,2	320->866
2,12,3	321->1082
2,13,0	322->470
2,13,1	323->686
2,13,2	324->902
2,13,3	325->1118
2,14,0	326->506
2,14,1	327->722
2,14,2	328->938
2,14,3	329->1154
2,15,0	330->542
2,15,1	331->758
2,15,2	332->974
2,15,3	333->1190
2,16,0	334->578
2,16,1	335->794
2,16,2	336->1010
2,16,3	337->1226
2,17,0	338->614
2,17,1	339->830
2,17,2	340->1046
2,17,3	341->1262
2,18,0	342->650
2,18,1	343->866
2,18,2	344->1082
2,19,0	345->686
2,19,1	346->902
2,19,2	347->1118
2,20,0	348->722
2,20,1	349->938
2,20,2	350->1154
2,21,0	351->758
2,21,1	352->974
2,21,2	353->1190
2,22,0	354->794
2,22,1	355->1010
2,22,2	356->1226
2,23,0	357->830
2,23,1	358->1046
2,23,2	359->1262
2,24,0	360->866
2,24,1	361->1082
2,25,0	362->902
2,25,1	363->1118
2,26,0	364->938
2,26,1	365->1154
2,27,0	366->974
2,27,1	367->1190
2,28,0	368->1010
2,28,1	369->1226
2,29,0	370->1046
2,29,1	371->1262
2,30,0	372->1082
2,31,0	373->1118
2,32,0	374->1154
2,33,0	375->1190
2,34,0	376->1226
2,35,0	377->1262
3,0,0	378->3
3,0,1	379->219
3,0,2	380->435
3,0,3	381->651
3,0,4	382->867
3,0,5	383->1083
3,1,0	384->39
3,1,1	385->255
3,1,2	386->471
3,1,3	387->687
3,1,4	388->903
3,1,5	389->1119
3,2,0	390->75
3,2,1	391->291
3,2,2	392->507
3,2,3	393->723
3,2,4	394->939
3,2,5	395->1155
3,3,0	396->111
3,3,1	397->327
3,3,2	398->543
3,3,3	399->759
3,3,4	400->975
3,3,5	401->1191
3,4,0	402->147
3,4,1	403->363
3,4,2	404->579
3,4,3	405->795
3,4,4	406->1011
3,4,5	407->1227
3,5,0	408->183
3,5,1	409->399
3,5,2	410->615
3,5,3	411->831
3,5,4	412->1047
3,5,5	413->1263
3,6,0	414->219
3,6,1	415->435
3,6,2	416->651
3,6,3	417->867
3,6,4	418->1083
3,7,0	419->255
3,7,1	420->471
3,7,2	421->687
3,7,3	422->903
3,7,4	423->1119
3,8,0	424->291
3,8,1	425->507
3,8,2	426->723
3,8,3	427->939
3,8,4	428->1155
3,9,0	429->327
3,9,1	430->543
3,9,2	431->759
3,9,3	432->975
3,9,4	433->1191
3,10,0	434->363
3,10,1	435->579
3,10,2	436->795
3,10,3	437->1011
3,10,4	438->1227
3,11,0	439->399
3,11,1	440->615
3,11,2	441->831
3,11,3	442->1047
3,11,4	443->1263
3,12,0	444->435
3,12,1	445->651
3,12,2	446->867
3,12,3	447->1083
3,13,0	448->471
3,13,1	449->687
3,13,2	450->903
3,13,3	451->1119
3,14,0	452->507
3,14,1	453->723
3,14,2	454->939
3,14,3	455->1155
3,15,0	456->543
3,15,1	457->759
3,15,2	458->975
3,15,3	459->1191
3,16,0	460->579
3,16,1	461->795
3,16,2	462->1011
3,16,3	463->1227
3,17,0	464->615
3,17,1	465->831
3,17,2	466->1047
3,17,3	467->1263
3,18,0	468->651
3,18,1	469->867
3,18,2	470->1083
3,19,0	471->687
3,19,1	472->903
3,19,2	473->1119
3,20,0	474->723
3,20,1	475->939
3,20,2	476->1155
3,21,0	477->759
3,21,1	478->975
3,21,2	479->1191
3,22,0	480->795
3,22,1	481->1011
3,22,2	482->1227
3,23,0	483->831
3,23,1	484->1047
3,23,2	485->1263
3,24,0	486->867
3,24,1	487->1083
3,25,0	488->903
3,25,1	489->1119
3,26,0	490->939
3,26,1	491->1155
3,27,0	492->975
3,27,1	493->1191
3,28,0	494->1011
3,28,1	495->1227
3,29,0	496->1047
3,29,1	497->1263
3,30,0	498->1083
3,31,0	499->1119
3,32,0	500->1155
3,33,0	501->1191
3,34,0	502->1227
3,35,0	503->1263
4,0,0	504->4
4,0,1	505->220
4,0,2	506->436
4,0,3	507->652
4,0,4	508->868
4,0,5	509->1084
4,1,0	510->40
4,1,1	511->256
4,1,2	512->472
4,1,3	513->688
4,1,4	514->904
4,1,5	515->1120
4,2,0	516->76
4,2,1	517->292
4,2,2	518->508
4,2,3	519->724
4,2,4	520->940
4,2,5	521->1156
4,3,0	522->112
4,3,1	523->328
4,3,2	524->544
4,3,3	525->760
4,3,4	526->976
4,3,5	527->1192
4,4,0	528->148
4,4,1	529->364
4,4,2	530->580
4,4,3	531->796
4,4,4	532->1012
4,4,5	533->1228
4,5,0	534->184
4,5,1	535->400
4,5,2	536->616
4,5,3	537->832
4,5,4	538->1048
4,5,5	539->1264
4,6,0	540->220
4,6,1	541->436
4,6,2	542->652
4,6,3	543->868
4,6,4	544->1084
4,7,0	545->256
4,7,1	546->472
4,7,2	547->688
4,7,3	548->904
4,7,4	549->1120
4,8,0	550->292
4,8,1	551->508
4,8,2	552->724
4,8,3	553->940
4,8,4	554->1156
4,9,0	555->328
4,9,1	556->544
4,9,2	557->760
4,9,3	558->976
4,9,4	559->1192
4,10,0	560->364
4,10,1	561->580
4,10,2	562->796
4,10,3	563->1012
4,10,4	564->1228
4,11,0	565->400
4,11,1	566->616
4,11,2	567->832
4,11,3	568->1048
4,11,4	569->1264
4,12,0	570->436
4,12,1	571->652
4,12,2	572->868
4,12,3	573->1084
4,13,0	574->472
4,13,1	575->688
4,13,2	576->904
4,13,3	577->1120
4,14,0	578->508
4,14,1	579->724
4,14,2	580->940
4,14,3	581->1156
4,15,0	582->544
4,15,1	583->760
4,15,2	584->976
4,15,3	585->1192
4,16,0	586->580
4,16,1	587->796
4,16,2	588->1012
4,16,3	589->1228
4,17,0	590->616
4,17,1	591->832
4,17,2	592->1048
4,17,3	593->1264
4,18,0	594->652
4,18,1	595->868
4,18,2	596->1084
4,19,0	597->688
4,19,1	598->904
4,19,2	599->1120
4,20,0	600->724
4,20,1	601->940
4,20,2	602->1156
4,21,0	603->760
4,21,1	604->976
4,21,2	605->1192
4,22,0	606->796
4,22,1	607->1012
4,22,2	608->1228
4,23,0	609->832
4,23,1	610->1048
4,23,2	611->1264
4,24,0	612->868
4,24,1	613->1084
4,25,0	614->904
4,25,1	615->1120
4,26,0	616->940
4,26,1	617->1156
4,27,0	618->976
4,27,1	619->1192
4,28,0	620->1012
4,28,1	621->1228
4,29,0	622->1048
4,29,1	623->1264
4,30,0	624->1084
4,31,0	625->1120
4,32,0	626->1156
4,33,0	627->1192
4,34,0	628->1228
4,35,0	629->1264
5,0,0	630->5
5,0,1	631->221
5,0,2	632->437
5,0,3	633->653
5,0,4	634->869
5,0,5	635->1085
5,1,0	636->41
5,1,1	637->257
5,1,2	638->473
5,1,3	639->689
5,1,4	640->905
5,1,5	641->1121
5,2,0	642->77
5,2,1	643->293
5,2,2	644->509
5,2,3	645->725
5,2,4	646->941
5,2,5	647->1157
5,3,0	648->113
5,3,1	649->329
5,3,2	650->545
5,3,3	651->761
5,3,4	652->977
5,3,5	653->1193
5,4,0	654->149
5,4,1	655->365
5,4,2	656->581
5,4,3	657->797
5,4,4	658->1013
5,4,5	659->1229
5,5,0	660->185
5,5,1	661->401
5,5,2	662->617
5,5,3	663->833
5,5,4	664->1049
5,5,5	665->1265
5,6,0	666->221
5,6,1	667->437
5,6,2	668->653
5,6,3	669->869
5,6,4	670->1085
5,7,0	671->257
5,7,1	672->473
5,7,2	673->689
5,7,3	674->905
5,7,4	675->1121
5,8,0	676->293
5,8,1	677->509
5,8,2	678->725
5,8,3	679->941
5,8,4	680->1157
5,9,0	681->329
5,9,1	682->545
5,9,2	683->761
5,9,3	684->977
5,9,4	685->1193
5,10,0	686->365
5,10,1	687->581
5,10,2	688->797
5,10,3	689->1013
5,10,4	690->1229
5,11,0	691->401
5,11,1	692->617
5,11,2	693->833
5,11,3	694->1049
5,11,4	695->1265
5,12,0	696->437
5,12,1	697->653
5,12,2	698->869
5,12,3	699->1085
5,13,0	700->473
5,13,1	701->689
5,13,2	702->905
5,13,3	703->1121
5,14,0	704->509
5,14,1	705->725
5,14,2	706->941
5,14,3	707->1157
5,15,0	708->545
5,15,1	709->761
5,15,2	710->977
5,15,3	711->1193
5,16,0	712->581
5,16,1	713->797
5,16,2	714->1013
5,16,3	715->1229
5,17,0	716->617
5,17,1	717->833
5,17,2	718->1049
5,17,3	719->1265
5,18,0	720->653
5,18,1	721->869
5,18,2	722->1085
5,19,0	723->689
5,19,1	724->905
5,19,2	725->1121
5,20,0	726->725
5,20,1	727->941
5,20,2	728->1157
5,21,0	729->761
5,21,1	730->977
5,21,2	731->1193
5,22,0	732->797
5,22,1	733->1013
5,22,2	734->1229
5,23,0	735->833
5,23,1	736->1049
5,23,2	737->1265
5,24,0	738->869
5,24,1	739->1085
5,25,0	740->905
5,25,1	741->1121
5,26,0	742->941
5,26,1	743->1157
5,27,0	744->977
5,27,1	745->1193
5,28,0	746->1013
5,28,1	747->1229
5,29,0	748->1049
5,29,1	749->1265
5,30,0	750->1085
5,31,0	751->1121
5,32,0	752->1157
5,33,0	753->1193
5,34,0	754->1229
5,35,0	755->1265
