-0.001010246595614189063158661063823728909
-0.000358552671928581831103932664461808599
-0.000406005902085536884114913558363468837
-0.000444956411821314232798302290561309746
-0.000472597615868457416633818812812251053
-0.000485945639099968093675002700493337215
-0.000482585500470100422273217466440087264
-0.000460235520077944334094849354599432445
-0.000417393497779707000391175020226341985
-0.000352996379916824460417495989972280768
-0.000266936104178045266466234863855788717
-0.000159742812839751957944625648799785722
-0.000033119554797070323965378635389100737
 0.000110519639027021975398804021217813442
 0.000267563740394640575421397743482998521
 0.000433782686779338709243819538485809062
 0.000603961580890536491386666462233279162
 0.000772563431541733861875054234502613326
 0.00093337279909702977869628837126469989 
 0.001080275577765032329891070617122750264
 0.001206833224891684739482622390482902119
 0.001307103881628283179386351697814916406
 0.001375296004308715737754487129507197096
 0.001406795071870286595663857021065723529
 0.001397757443456676450591058546990552713
 0.001346130232424600035173734013937973941
 0.001250875845174335282417032999546790961
 0.001112876866326789008360131916219870618
 0.000934046931277112617124369631227409627
 0.000718650022949319567701353950184284258
 0.000472293008146202014738840313512469038
 0.000203088947706521336577720204807917526
-0.000080764832412679775168994067424677041
-0.000369554683767865481403003258265016484
-0.000653504027360546075990643810627034327
-0.000919361444152598430296086107205155713
-0.001157819530131420351568016791077297967
-0.001358376556321209266409155702604039107
-0.001509650755229349512048786507989461825
-0.001605012823412884813076284551414119051
-0.001636306554458012187114324120784658589
-0.001599860519447002379575528685506924376
-0.001492693269833975490759603310664260789
-0.001315781565690151864653212321343289659
-0.001071783499864555977768021399754161394
-0.000767101000840357256753410108984780891
-0.00041013345512111562454066193694757203 
-0.000012482229837763604676824716332994569
 0.000412608307843937533680028773019898836
 0.000849504986660010370271012281051525861
 0.001281773897931400181537942017939712969
 0.001691689570197361242032130235202203039
 0.002061839296273789128716158458587415225
 0.002375004612479714085487847441413578053
 0.002615703576971313646520878037904367375
 0.002770043093441842182306222852616883756
 0.002827120834549346102548827985856405576
 0.002778843027592776612766378718788473634
 0.002621155512712118867274524447452677123
 0.002353798339731426846055395429857526324
 0.001981220503522486842823413510927821335
 0.001511893971111898842332732506577031018
 0.000958807319096724084382665775905252303
 0.00033861785994154206154427289021668912 
-0.000327986598413390563391128784687111875
-0.001017575914862533549565259960445473553
-0.001704339248933071232494640412369335536
-0.002361589610120406763221767576510501385
-0.002961679675560967457681460501817127806
-0.003477887075535945806542548197626274487
-0.003885251780344683124324145495620541624
-0.004162086781324202990062222085043686093
-0.004289319648699042170081341396326024551
-0.004254272287655801003392053161178409937
-0.004048357891979558614847789499435748439
-0.003670121996815235102668006916815102159
-0.003124185011530003323876325538321907516
-0.002422221860963819344697567359503409534
-0.001582401482813407082861356656167117762
-0.000629392558071763816643362510205861327
 0.000406361726064398539812194677267598308
 0.001489410577235117600150560157601375977
 0.002580374669858605078676117017266733455
 0.003637156234919058928056756485602818429
 0.004616569711948451636140955400833263411
 0.005475599486146699550193073235959673184
 0.006173232963094549274885025624826084822
 0.006671959434560737096930882472634039004
 0.006939559485973570938932564189371987595
 0.006950382173250549931731168129545039847
 0.006686949640603789823956049076514318585
 0.006140803342303281439629181193140539108
 0.005313584927696237206196094859933509724
 0.004217415778674263489300688689809248899
 0.00287540993567136481806612025025060575 
 0.001321214774750536537217815435951706604
-0.000401283828528682347865780277729186309
-0.002239065269952282468540749604812845064
-0.004130830275161931700034223524653498316
-0.006008897972046905663900950855804694584
-0.007800883165227899714022630206500252825
-0.009432020372365349653032140508912561927
-0.010826929004634373507331979169521218864
-0.01191245479368048879043051613280113088 
-0.012619838738871463554302998488765297225
-0.01288725194122334466451107459761260543 
-0.012661549221084750574406463385912502417
-0.011901130623149300605256861729230877245
-0.010576833319554262285988599501251883339
-0.008673813444160780039560165732837049291
-0.006192724293781017019799861600404256023
-0.003149795456421107444494600358098068682
 0.000422380433566353803709336744987012935
 0.004475896859842117686545392984953650739
 0.008947609391945058471273810596358089242
 0.01376118893121161534942586968099931255 
 0.01882811210785613476037525515494053252 
 0.024050323219623533088640243704503518529
 0.029322474944802303514768127001843822654
 0.034534628924590415888218331019743345678
 0.039575126545053240789684423361904919147
 0.044333721778070669938820458355621667579
 0.048704411509543674152489245443575782701
 0.052588432218096579917610000620697974227
 0.055897037905711724481427893351792590693
 0.058553936524292617138431893408778705634
 0.060497359206603346093444883990741800517
 0.061681905483088037001060399688867619261
 0.062079856819393715305910319557369803078
 0.061681905483088037001060399688867619261
 0.060497359206603346093444883990741800517
 0.058553936524292617138431893408778705634
 0.055897037905711724481427893351792590693
 0.052588432218096579917610000620697974227
 0.048704411509543674152489245443575782701
 0.044333721778070669938820458355621667579
 0.039575126545053240789684423361904919147
 0.034534628924590415888218331019743345678
 0.029322474944802303514768127001843822654
 0.024050323219623533088640243704503518529
 0.01882811210785613476037525515494053252 
 0.01376118893121161534942586968099931255 
 0.008947609391945058471273810596358089242
 0.004475896859842117686545392984953650739
 0.000422380433566353803709336744987012935
-0.003149795456421107444494600358098068682
-0.006192724293781017019799861600404256023
-0.008673813444160780039560165732837049291
-0.010576833319554262285988599501251883339
-0.011901130623149300605256861729230877245
-0.012661549221084750574406463385912502417
-0.01288725194122334466451107459761260543 
-0.012619838738871463554302998488765297225
-0.01191245479368048879043051613280113088 
-0.010826929004634373507331979169521218864
-0.009432020372365349653032140508912561927
-0.007800883165227899714022630206500252825
-0.006008897972046905663900950855804694584
-0.004130830275161931700034223524653498316
-0.002239065269952282468540749604812845064
-0.000401283828528682347865780277729186309
 0.001321214774750536537217815435951706604
 0.00287540993567136481806612025025060575 
 0.004217415778674263489300688689809248899
 0.005313584927696237206196094859933509724
 0.006140803342303281439629181193140539108
 0.006686949640603789823956049076514318585
 0.006950382173250549931731168129545039847
 0.006939559485973570938932564189371987595
 0.006671959434560737096930882472634039004
 0.006173232963094549274885025624826084822
 0.005475599486146699550193073235959673184
 0.004616569711948451636140955400833263411
 0.003637156234919058928056756485602818429
 0.002580374669858605078676117017266733455
 0.001489410577235117600150560157601375977
 0.000406361726064398539812194677267598308
-0.000629392558071763816643362510205861327
-0.001582401482813407082861356656167117762
-0.002422221860963819344697567359503409534
-0.003124185011530003323876325538321907516
-0.003670121996815235102668006916815102159
-0.004048357891979558614847789499435748439
-0.004254272287655801003392053161178409937
-0.004289319648699042170081341396326024551
-0.004162086781324202990062222085043686093
-0.003885251780344683124324145495620541624
-0.003477887075535945806542548197626274487
-0.002961679675560967457681460501817127806
-0.002361589610120406763221767576510501385
-0.001704339248933071232494640412369335536
-0.001017575914862533549565259960445473553
-0.000327986598413390563391128784687111875
 0.00033861785994154206154427289021668912 
 0.000958807319096724084382665775905252303
 0.001511893971111898842332732506577031018
 0.001981220503522486842823413510927821335
 0.002353798339731426846055395429857526324
 0.002621155512712118867274524447452677123
 0.002778843027592776612766378718788473634
 0.002827120834549346102548827985856405576
 0.002770043093441842182306222852616883756
 0.002615703576971313646520878037904367375
 0.002375004612479714085487847441413578053
 0.002061839296273789128716158458587415225
 0.001691689570197361242032130235202203039
 0.001281773897931400181537942017939712969
 0.000849504986660010370271012281051525861
 0.000412608307843937533680028773019898836
-0.000012482229837763604676824716332994569
-0.00041013345512111562454066193694757203 
-0.000767101000840357256753410108984780891
-0.001071783499864555977768021399754161394
-0.001315781565690151864653212321343289659
-0.001492693269833975490759603310664260789
-0.001599860519447002379575528685506924376
-0.001636306554458012187114324120784658589
-0.001605012823412884813076284551414119051
-0.001509650755229349512048786507989461825
-0.001358376556321209266409155702604039107
-0.001157819530131420351568016791077297967
-0.000919361444152598430296086107205155713
-0.000653504027360546075990643810627034327
-0.000369554683767865481403003258265016484
-0.000080764832412679775168994067424677041
 0.000203088947706521336577720204807917526
 0.000472293008146202014738840313512469038
 0.000718650022949319567701353950184284258
 0.000934046931277112617124369631227409627
 0.001112876866326789008360131916219870618
 0.001250875845174335282417032999546790961
 0.001346130232424600035173734013937973941
 0.001397757443456676450591058546990552713
 0.001406795071870286595663857021065723529
 0.001375296004308715737754487129507197096
 0.001307103881628283179386351697814916406
 0.001206833224891684739482622390482902119
 0.001080275577765032329891070617122750264
 0.00093337279909702977869628837126469989 
 0.000772563431541733861875054234502613326
 0.000603961580890536491386666462233279162
 0.000433782686779338709243819538485809062
 0.000267563740394640575421397743482998521
 0.000110519639027021975398804021217813442
-0.000033119554797070323965378635389100737
-0.000159742812839751957944625648799785722
-0.000266936104178045266466234863855788717
-0.000352996379916824460417495989972280768
-0.000417393497779707000391175020226341985
-0.000460235520077944334094849354599432445
-0.000482585500470100422273217466440087264
-0.000485945639099968093675002700493337215
-0.000472597615868457416633818812812251053
-0.000444956411821314232798302290561309746
-0.000406005902085536884114913558363468837
-0.000358552671928581831103932664461808599
-0.001010246595614189063158661063823728909
